33
NULL 0 NULL 0
G 5 0,255,0,255,0,32767,0,32767,0,32767 NULL -1 0 0 	# G [47 ]A
O 5 0,255,0,255,0,32767,0,32767,0,32767 NULL -1 0 0 	# O [4f ]A
K 5 0,255,0,255,0,32767,0,32767,0,32767 NULL -1 0 0 	# K [4b ]A
U 5 0,255,0,255,0,32767,0,32767,0,32767 NULL -1 0 0 	# U [55 ]A
A 5 0,255,0,255,0,32767,0,32767,0,32767 NULL -1 0 0 	# A [41 ]A
N 5 0,255,0,255,0,32767,0,32767,0,32767 NULL -1 0 0 	# N [4e ]A
D 5 0,255,0,255,0,32767,0,32767,0,32767 NULL -1 0 0 	# D [44 ]A
R 5 0,255,0,255,0,32767,0,32767,0,32767 NULL -1 0 0 	# R [52 ]A
I 5 0,255,0,255,0,32767,0,32767,0,32767 NULL -1 0 0 	# I [49 ]A
1 8 0,255,0,255,0,32767,0,32767,0,32767 NULL 10 0 0 	# 1 [31 ]0
8 8 0,255,0,255,0,32767,0,32767,0,32767 NULL 11 0 0 	# 8 [38 ]0
E 5 0,255,0,255,0,32767,0,32767,0,32767 NULL -1 0 0 	# E [45 ]A
J 5 0,255,0,255,0,32767,0,32767,0,32767 NULL -1 0 0 	# J [4a ]A
M 5 0,255,0,255,0,32767,0,32767,0,32767 NULL -1 0 0 	# M [4d ]A
W 5 0,255,0,255,0,32767,0,32767,0,32767 NULL -1 0 0 	# W [57 ]A
L 5 0,255,0,255,0,32767,0,32767,0,32767 NULL -1 0 0 	# L [4c ]A
P 5 0,255,0,255,0,32767,0,32767,0,32767 NULL -1 0 0 	# P [50 ]A
S 5 0,255,0,255,0,32767,0,32767,0,32767 NULL -1 0 0 	# S [53 ]A
T 5 0,255,0,255,0,32767,0,32767,0,32767 NULL -1 0 0 	# T [54 ]A
H 5 0,255,0,255,0,32767,0,32767,0,32767 NULL -1 0 0 	# H [48 ]A
| 10 0,255,0,255,0,32767,0,32767,0,32767 NULL 21 0 0 	# | [7c ]p
C 5 0,255,0,255,0,32767,0,32767,0,32767 NULL -1 0 0 	# C [43 ]A
F 5 0,255,0,255,0,32767,0,32767,0,32767 NULL -1 0 0 	# F [46 ]A
Y 5 0,255,0,255,0,32767,0,32767,0,32767 NULL -1 0 0 	# Y [59 ]A
B 5 0,255,0,255,0,32767,0,32767,0,32767 NULL -1 0 0 	# B [42 ]A
. 10 0,255,0,255,0,32767,0,32767,0,32767 NULL 26 0 0 	# . [2e ]p
7 8 0,255,0,255,0,32767,0,32767,0,32767 NULL 27 0 0 	# 7 [37 ]0
3 8 0,255,0,255,0,32767,0,32767,0,32767 NULL 28 0 0 	# 3 [33 ]0
0 8 0,255,0,255,0,32767,0,32767,0,32767 NULL 29 0 0 	# 0 [30 ]0
9 8 0,255,0,255,0,32767,0,32767,0,32767 NULL 30 0 0 	# 9 [39 ]0
- 10 0,255,0,255,0,32767,0,32767,0,32767 NULL 31 0 0 	# - [2d ]p
5 8 0,255,0,255,0,32767,0,32767,0,32767 NULL 32 0 0 	# 5 [35 ]0
